2.604489
4.000000
5.395511
18.417955
-14.067333
61.851375
15.661832
0.501295
6.332986
18.166760
-14.000025
61.833340
15.666665
0.500000
6.333333
18.166667
-14.000000
61.833333
15.666667
0.500000
6.333333
18.166669
-14.000009
61.833365
15.666548
0.500443
6.331680
18.172837
-14.023030
61.919282
15.345902
1.697109
-19.134337
74.840241
-28.226626
52.066263
-19.038427
37.087444
-11.311349
22.157952
40.679540
53.123890
-14.175098
55.576502
5.869091
10.947135
-16.657630
55.683384
41.924094
24.620242
-0.405060
0.000000
0.405060
