-28.376392
0.000000
28.376392
51.494432
20.645879
-6.077948
3.665915
-8.585710
30.676926
50.878006
20.811050
-6.122206
3.677773
-8.588888
30.677777
50.877778
20.811111
-6.122222
3.677778
-8.588890
30.677781
50.877766
20.811154
-6.122381
3.678372
-8.591106
30.686051
50.846902
20.926340
-6.552262
5.282707
-14.578565
56.031553
35.452354
54.159030
-2.088474
41.194865
-16.690987
39.569085
-23.585351
61.772319
16.496076
-16.756621
54.530409
9.634985
-3.070350
35.646414
29.484693
-18.585186
44.856049
-20.839012
42.500000
105.839012
