46.259712
42.500000
38.740288
57.538848
-13.895680
-1.956129
21.720196
49.075343
36.978430
58.010936
-14.022175
-1.922235
21.711114
49.077777
36.977778
58.011111
-14.022222
-1.922222
21.711111
49.077780
36.977770
58.011141
-14.022335
-1.921801
21.709540
49.083643
36.955889
58.092802
-14.327098
-0.784409
17.464735
64.925468
-25.166609
57.740967
46.202742
3.448064
64.005000
-14.468065
0.867260
17.999024
40.136645
19.454396
63.045772
-21.637483
23.504162
17.620836
65.012494
-29.670812
53.670753
13.987799
30.378050
6.500000
-17.378050
